--- HEADER ---
	GRASA
	Version: 1
	Bloque de Bitmap: 1
	Tamanio de Bitmap (en bloques): 1
--- Fin Header (1 bloque) ---

--- Iniciando dump de BitMap ---
0) 11111111
1) 11111111
2) 11111111
3) 11111111
4) 11111111
5) 11111111
6) 11111111
7) 11111111
8) 11111111
9) 11111111
10) 11111111
11) 11111111
12) 11111111
13) 11111111
14) 11111111
15) 11111111
16) 11111111
17) 11111111
18) 11111111
19) 11111111
20) 11111111
21) 11111111
22) 11111111
23) 11111111
24) 11111111
25) 11111111
26) 11111111
27) 11111111
28) 11111111
29) 11111111
30) 11111111
31) 11111111
32) 11111111
33) 11111111
34) 11111111
35) 11111111
36) 11111111
37) 11111111
38) 11111111
39) 11111111
40) 11111111
41) 11111111
42) 11111111
43) 11111111
44) 11111111
45) 11111111
46) 11111111
47) 11111111
48) 11111111
49) 11111111
50) 11111111
51) 11111111
52) 11111111
53) 11111111
54) 11111111
55) 11111111
56) 11111111
57) 11111111
58) 11111111
59) 11111111
60) 11111111
61) 11111111
62) 11111111
63) 11111111
64) 11111111
65) 11111111
66) 11111111
67) 11111111
68) 11111111
69) 11111111
70) 11111111
71) 11111111
72) 11111111
73) 11111111
74) 11111111
75) 11111111
76) 11111111
77) 11111111
78) 11111111
79) 11111111
80) 11111111
81) 11111111
82) 11111111
83) 11111111
84) 11111111
85) 11111111
86) 11111111
87) 11111111
88) 11111111
89) 11111111
90) 11111111
91) 11111111
92) 11111111
93) 11111111
94) 11111111
95) 11111111
96) 11111111
97) 11111111
98) 11111111
99) 11111111
100) 11111111
101) 11111111
102) 11111111
103) 11111111
104) 11111111
105) 11111111
106) 11111111
107) 11111111
108) 11111111
109) 11111111
110) 11111111
111) 11111111
112) 11111111
113) 11111111
114) 11111111
115) 11111111
116) 11111111
117) 11111111
118) 11111111
119) 11111111
120) 11111111
121) 11111111
122) 11111111
123) 11111111
124) 11111111
125) 11111111
126) 11111111
127) 11111111
128) 11111110
129) 00000000
130) 00000000
131) 00000000
132) 00000000
133) 00000000
134) 00000000
135) 00000000
136) 00000000
137) 00000000
138) 00000000
139) 00000000
140) 00000000
141) 00000000
142) 00000000
143) 00000000
144) 00000000
145) 00000000
146) 00000000
147) 00000000
148) 00000000
149) 00000000
150) 00000000
151) 00000000
152) 00000000
153) 00000000
154) 00000000
155) 00000000
156) 00000000
157) 00000000
158) 00000000
159) 00000000
160) 00000000
161) 00000000
162) 00000000
163) 00000000
164) 00000000
165) 00000000
166) 00000000
167) 00000000
168) 00000000
169) 00000000
170) 00000000
171) 00000000
172) 00000000
173) 00000000
174) 00000000
175) 00000000
176) 00000000
177) 00000000
178) 00000000
179) 00000000
180) 00000000
181) 00000000
182) 00000000
183) 00000000
184) 00000000
185) 00000000
186) 00000000
187) 00000000
188) 00000000
189) 00000000
190) 00000000
191) 00000000
192) 00000000
193) 00000000
194) 00000000
195) 00000000
196) 00000000
197) 00000000
198) 00000000
199) 00000000
200) 00000000
201) 00000000
202) 00000000
203) 00000000
204) 00000000
205) 00000000
206) 00000000
207) 00000000
208) 00000000
209) 00000000
210) 00000000
211) 00000000
212) 00000000
213) 00000000
214) 00000000
215) 00000000
216) 00000000
217) 00000000
218) 00000000
219) 00000000
220) 00000000
221) 00000000
222) 00000000
223) 00000000
224) 00000000
225) 00000000
226) 00000000
227) 00000000
228) 00000000
229) 00000000
230) 00000000
231) 00000000
232) 00000000
233) 00000000
234) 00000000
235) 00000000
236) 00000000
237) 00000000
238) 00000000
239) 00000000
240) 00000000
241) 00000000
242) 00000000
243) 00000000
244) 00000000
245) 00000000
246) 00000000
247) 00000000
248) 00000000
249) 00000000
250) 00000000
251) 00000000
252) 00000000
253) 00000000
254) 00000000
255) 00000000
256) 00000000
257) 00000000
258) 00000000
259) 00000000
260) 00000000
261) 00000000
262) 00000000
263) 00000000
264) 00000000
265) 00000000
266) 00000000
267) 00000000
268) 00000000
269) 00000000
270) 00000000
271) 00000000
272) 00000000
273) 00000000
274) 00000000
275) 00000000
276) 00000000
277) 00000000
278) 00000000
279) 00000000
280) 00000000
281) 00000000
282) 00000000
283) 00000000
284) 00000000
285) 00000000
286) 00000000
287) 00000000
288) 00000000
289) 00000000
290) 00000000
291) 00000000
292) 00000000
293) 00000000
294) 00000000
295) 00000000
296) 00000000
297) 00000000
298) 00000000
299) 00000000
300) 00000000
301) 00000000
302) 00000000
303) 00000000
304) 00000000
305) 00000000
306) 00000000
307) 00000000
308) 00000000
309) 00000000
310) 00000000
311) 00000000
312) 00000000
313) 00000000
314) 00000000
315) 00000000
316) 00000000
317) 00000000
318) 00000000
319) 00000000
320) 00000000
321) 00000000
322) 00000000
323) 00000000
324) 00000000
325) 00000000
326) 00000000
327) 00000000
328) 00000000
329) 00000000
330) 00000000
331) 00000000
332) 00000000
333) 00000000
334) 00000000
335) 00000000
336) 00000000
337) 00000000
338) 00000000
339) 00000000
340) 00000000
341) 00000000
342) 00000000
343) 00000000
344) 00000000
345) 00000000
346) 00000000
347) 00000000
348) 00000000
349) 00000000
350) 00000000
351) 00000000
352) 00000000
353) 00000000
354) 00000000
355) 00000000
356) 00000000
357) 00000000
358) 00000000
359) 00000000
360) 00000000
361) 00000000
362) 00000000
363) 00000000
364) 00000000
365) 00000000
366) 00000000
367) 00000000
368) 00000000
369) 00000000
370) 00000000
371) 00000000
372) 00000000
373) 00000000
374) 00000000
375) 00000000
376) 00000000
377) 00000000
378) 00000000
379) 00000000
380) 00000000
381) 00000000
382) 00000000
383) 00000000
384) 00000000
385) 00000000
386) 00000000
387) 00000000
388) 00000000
389) 00000000
390) 00000000
391) 00000000
392) 00000000
393) 00000000
394) 00000000
395) 00000000
396) 00000000
397) 00000000
398) 00000000
399) 00000000
400) 00000000
401) 00000000
402) 00000000
403) 00000000
404) 00000000
405) 00000000
406) 00000000
407) 00000000
408) 00000000
409) 00000000
410) 00000000
411) 00000000
412) 00000000
413) 00000000
414) 00000000
415) 00000000
416) 00000000
417) 00000000
418) 00000000
419) 00000000
420) 00000000
421) 00000000
422) 00000000
423) 00000000
424) 00000000
425) 00000000
426) 00000000
427) 00000000
428) 00000000
429) 00000000
430) 00000000
431) 00000000
432) 00000000
433) 00000000
434) 00000000
435) 00000000
436) 00000000
437) 00000000
438) 00000000
439) 00000000
440) 00000000
441) 00000000
442) 00000000
443) 00000000
444) 00000000
445) 00000000
446) 00000000
447) 00000000
448) 00000000
449) 00000000
450) 00000000
451) 00000000
452) 00000000
453) 00000000
454) 00000000
455) 00000000
456) 00000000
457) 00000000
458) 00000000
459) 00000000
460) 00000000
461) 00000000
462) 00000000
463) 00000000
464) 00000000
465) 00000000
466) 00000000
467) 00000000
468) 00000000
469) 00000000
470) 00000000
471) 00000000
472) 00000000
473) 00000000
474) 00000000
475) 00000000
476) 00000000
477) 00000000
478) 00000000
479) 00000000
480) 00000000
481) 00000000
482) 00000000
483) 00000000
484) 00000000
485) 00000000
486) 00000000
487) 00000000
488) 00000000
489) 00000000
490) 00000000
491) 00000000
492) 00000000
493) 00000000
494) 00000000
495) 00000000
496) 00000000
497) 00000000
498) 00000000
499) 00000000
500) 00000000
501) 00000000
502) 00000000
503) 00000000
504) 00000000
505) 00000000
506) 00000000
507) 00000000
508) 00000000
509) 00000000
510) 00000000
511) 00000000
512) 00000000
513) 00000000
514) 00000000
515) 00000000
516) 00000000
517) 00000000
518) 00000000
519) 00000000
520) 00000000
521) 00000000
522) 00000000
523) 00000000
524) 00000000
525) 00000000
526) 00000000
527) 00000000
528) 00000000
529) 00000000
530) 00000000
531) 00000000
532) 00000000
533) 00000000
534) 00000000
535) 00000000
536) 00000000
537) 00000000
538) 00000000
539) 00000000
540) 00000000
541) 00000000
542) 00000000
543) 00000000
544) 00000000
545) 00000000
546) 00000000
547) 00000000
548) 00000000
549) 00000000
550) 00000000
551) 00000000
552) 00000000
553) 00000000
554) 00000000
555) 00000000
556) 00000000
557) 00000000
558) 00000000
559) 00000000
560) 00000000
561) 00000000
562) 00000000
563) 00000000
564) 00000000
565) 00000000
566) 00000000
567) 00000000
568) 00000000
569) 00000000
570) 00000000
571) 00000000
572) 00000000
573) 00000000
574) 00000000
575) 00000000
576) 00000000
577) 00000000
578) 00000000
579) 00000000
580) 00000000
581) 00000000
582) 00000000
583) 00000000
584) 00000000
585) 00000000
586) 00000000
587) 00000000
588) 00000000
589) 00000000
590) 00000000
591) 00000000
592) 00000000
593) 00000000
594) 00000000
595) 00000000
596) 00000000
597) 00000000
598) 00000000
599) 00000000
600) 00000000
601) 00000000
602) 00000000
603) 00000000
604) 00000000
605) 00000000
606) 00000000
607) 00000000
608) 00000000
609) 00000000
610) 00000000
611) 00000000
612) 00000000
613) 00000000
614) 00000000
615) 00000000
616) 00000000
617) 00000000
618) 00000000
619) 00000000
620) 00000000
621) 00000000
622) 00000000
623) 00000000
624) 00000000
625) 00000000
626) 00000000
627) 00000000
628) 00000000
629) 00000000
630) 00000000
631) 00000000
632) 00000000
633) 00000000
634) 00000000
635) 00000000
636) 00000000
637) 00000000
638) 00000000
639) 00000000
640) 00000000
641) 00000000
642) 00000000
643) 00000000
644) 00000000
645) 00000000
646) 00000000
647) 00000000
648) 00000000
649) 00000000
650) 00000000
651) 00000000
652) 00000000
653) 00000000
654) 00000000
655) 00000000
656) 00000000
657) 00000000
658) 00000000
659) 00000000
660) 00000000
661) 00000000
662) 00000000
663) 00000000
664) 00000000
665) 00000000
666) 00000000
667) 00000000
668) 00000000
669) 00000000
670) 00000000
671) 00000000
672) 00000000
673) 00000000
674) 00000000
675) 00000000
676) 00000000
677) 00000000
678) 00000000
679) 00000000
680) 00000000
681) 00000000
682) 00000000
683) 00000000
684) 00000000
685) 00000000
686) 00000000
687) 00000000
688) 00000000
689) 00000000
690) 00000000
691) 00000000
692) 00000000
693) 00000000
694) 00000000
695) 00000000
696) 00000000
697) 00000000
698) 00000000
699) 00000000
700) 00000000
701) 00000000
702) 00000000
703) 00000000
704) 00000000
705) 00000000
706) 00000000
707) 00000000
708) 00000000
709) 00000000
710) 00000000
711) 00000000
712) 00000000
713) 00000000
714) 00000000
715) 00000000
716) 00000000
717) 00000000
718) 00000000
719) 00000000
720) 00000000
721) 00000000
722) 00000000
723) 00000000
724) 00000000
725) 00000000
726) 00000000
727) 00000000
728) 00000000
729) 00000000
730) 00000000
731) 00000000
732) 00000000
733) 00000000
734) 00000000
735) 00000000
736) 00000000
737) 00000000
738) 00000000
739) 00000000
740) 00000000
741) 00000000
742) 00000000
743) 00000000
744) 00000000
745) 00000000
746) 00000000
747) 00000000
748) 00000000
749) 00000000
750) 00000000
751) 00000000
752) 00000000
753) 00000000
754) 00000000
755) 00000000
756) 00000000
757) 00000000
758) 00000000
759) 00000000
760) 00000000
761) 00000000
762) 00000000
763) 00000000
764) 00000000
765) 00000000
766) 00000000
767) 00000000
768) 00000000
769) 00000000
770) 00000000
771) 00000000
772) 00000000
773) 00000000
774) 00000000
775) 00000000
776) 00000000
777) 00000000
778) 00000000
779) 00000000
780) 00000000
781) 00000000
782) 00000000
783) 00000000
784) 00000000
785) 00000000
786) 00000000
787) 00000000
788) 00000000
789) 00000000
790) 00000000
791) 00000000
792) 00000000
793) 00000000
794) 00000000
795) 00000000
796) 00000000
797) 00000000
798) 00000000
799) 00000000
800) 00000000
801) 00000000
802) 00000000
803) 00000000
804) 00000000
805) 00000000
806) 00000000
807) 00000000
808) 00000000
809) 00000000
810) 00000000
811) 00000000
812) 00000000
813) 00000000
814) 00000000
815) 00000000
816) 00000000
817) 00000000
818) 00000000
819) 00000000
820) 00000000
821) 00000000
822) 00000000
823) 00000000
824) 00000000
825) 00000000
826) 00000000
827) 00000000
828) 00000000
829) 00000000
830) 00000000
831) 00000000
832) 00000000
833) 00000000
834) 00000000
835) 00000000
836) 00000000
837) 00000000
838) 00000000
839) 00000000
840) 00000000
841) 00000000
842) 00000000
843) 00000000
844) 00000000
845) 00000000
846) 00000000
847) 00000000
848) 00000000
849) 00000000
850) 00000000
851) 00000000
852) 00000000
853) 00000000
854) 00000000
855) 00000000
856) 00000000
857) 00000000
858) 00000000
859) 00000000
860) 00000000
861) 00000000
862) 00000000
863) 00000000
864) 00000000
865) 00000000
866) 00000000
867) 00000000
868) 00000000
869) 00000000
870) 00000000
871) 00000000
872) 00000000
873) 00000000
874) 00000000
875) 00000000
876) 00000000
877) 00000000
878) 00000000
879) 00000000
880) 00000000
881) 00000000
882) 00000000
883) 00000000
884) 00000000
885) 00000000
886) 00000000
887) 00000000
888) 00000000
889) 00000000
890) 00000000
891) 00000000
892) 00000000
893) 00000000
894) 00000000
895) 00000000
896) 00000000
897) 00000000
898) 00000000
899) 00000000
900) 00000000
901) 00000000
902) 00000000
903) 00000000
904) 00000000
905) 00000000
906) 00000000
907) 00000000
908) 00000000
909) 00000000
910) 00000000
911) 00000000
912) 00000000
913) 00000000
914) 00000000
915) 00000000
916) 00000000
917) 00000000
918) 00000000
919) 00000000
920) 00000000
921) 00000000
922) 00000000
923) 00000000
924) 00000000
925) 00000000
926) 00000000
927) 00000000
928) 00000000
929) 00000000
930) 00000000
931) 00000000
932) 00000000
933) 00000000
934) 00000000
935) 00000000
936) 00000000
937) 00000000
938) 00000000
939) 00000000
940) 00000000
941) 00000000
942) 00000000
943) 00000000
944) 00000000
945) 00000000
946) 00000000
947) 00000000
948) 00000000
949) 00000000
950) 00000000
951) 00000000
952) 00000000
953) 00000000
954) 00000000
955) 00000000
956) 00000000
957) 00000000
958) 00000000
959) 00000000
960) 00000000
961) 00000000
962) 00000000
963) 00000000
964) 00000000
965) 00000000
966) 00000000
967) 00000000
968) 00000000
969) 00000000
970) 00000000
971) 00000000
972) 00000000
973) 00000000
974) 00000000
975) 00000000
976) 00000000
977) 00000000
978) 00000000
979) 00000000
980) 00000000
981) 00000000
982) 00000000
983) 00000000
984) 00000000
985) 00000000
986) 00000000
987) 00000000
988) 00000000
989) 00000000
990) 00000000
991) 00000000
992) 00000000
993) 00000000
994) 00000000
995) 00000000
996) 00000000
997) 00000000
998) 00000000
999) 00000000
1000) 00000000
1001) 00000000
1002) 00000000
1003) 00000000
1004) 00000000
1005) 00000000
1006) 00000000
1007) 00000000
1008) 00000000
1009) 00000000
1010) 00000000
1011) 00000000
1012) 00000000
1013) 00000000
1014) 00000000
1015) 00000000
1016) 00000000
1017) 00000000
1018) 00000000
1019) 00000000
1020) 00000000
1021) 00000000
1022) 00000000
1023) 00000000
1024) 00000000
1025) 00000000
1026) 00000000
1027) 00000000
1028) 00000000
1029) 00000000
1030) 00000000
1031) 00000000
1032) 00000000
1033) 00000000
1034) 00000000
1035) 00000000
1036) 00000000
1037) 00000000
1038) 00000000
1039) 00000000
1040) 00000000
1041) 00000000
1042) 00000000
1043) 00000000
1044) 00000000
1045) 00000000
1046) 00000000
1047) 00000000
1048) 00000000
1049) 00000000
1050) 00000000
1051) 00000000
1052) 00000000
1053) 00000000
1054) 00000000
1055) 00000000
1056) 00000000
1057) 00000000
1058) 00000000
1059) 00000000
1060) 00000000
1061) 00000000
1062) 00000000
1063) 00000000
1064) 00000000
1065) 00000000
1066) 00000000
1067) 00000000
1068) 00000000
1069) 00000000
1070) 00000000
1071) 00000000
1072) 00000000
1073) 00000000
1074) 00000000
1075) 00000000
1076) 00000000
1077) 00000000
1078) 00000000
1079) 00000000
1080) 00000000
1081) 00000000
1082) 00000000
1083) 00000000
1084) 00000000
1085) 00000000
1086) 00000000
1087) 00000000
1088) 00000000
1089) 00000000
1090) 00000000
1091) 00000000
1092) 00000000
1093) 00000000
1094) 00000000
1095) 00000000
1096) 00000000
1097) 00000000
1098) 00000000
1099) 00000000
1100) 00000000
1101) 00000000
1102) 00000000
1103) 00000000
1104) 00000000
1105) 00000000
1106) 00000000
1107) 00000000
1108) 00000000
1109) 00000000
1110) 00000000
1111) 00000000
1112) 00000000
1113) 00000000
1114) 00000000
1115) 00000000
1116) 00000000
1117) 00000000
1118) 00000000
1119) 00000000
1120) 00000000
1121) 00000000
1122) 00000000
1123) 00000000
1124) 00000000
1125) 00000000
1126) 00000000
1127) 00000000
1128) 00000000
1129) 00000000
1130) 00000000
1131) 00000000
1132) 00000000
1133) 00000000
1134) 00000000
1135) 00000000
1136) 00000000
1137) 00000000
1138) 00000000
1139) 00000000
1140) 00000000
1141) 00000000
1142) 00000000
1143) 00000000
1144) 00000000
1145) 00000000
1146) 00000000
1147) 00000000
1148) 00000000
1149) 00000000
1150) 00000000
1151) 00000000
1152) 00000000
1153) 00000000
1154) 00000000
1155) 00000000
1156) 00000000
1157) 00000000
1158) 00000000
1159) 00000000
1160) 00000000
1161) 00000000
1162) 00000000
1163) 00000000
1164) 00000000
1165) 00000000
1166) 00000000
1167) 00000000
1168) 00000000
1169) 00000000
1170) 00000000
1171) 00000000
1172) 00000000
1173) 00000000
1174) 00000000
1175) 00000000
1176) 00000000
1177) 00000000
1178) 00000000
1179) 00000000
1180) 00000000
1181) 00000000
1182) 00000000
1183) 00000000
1184) 00000000
1185) 00000000
1186) 00000000
1187) 00000000
1188) 00000000
1189) 00000000
1190) 00000000
1191) 00000000
1192) 00000000
1193) 00000000
1194) 00000000
1195) 00000000
1196) 00000000
1197) 00000000
1198) 00000000
1199) 00000000
1200) 00000000
1201) 00000000
1202) 00000000
1203) 00000000
1204) 00000000
1205) 00000000
1206) 00000000
1207) 00000000
1208) 00000000
1209) 00000000
1210) 00000000
1211) 00000000
1212) 00000000
1213) 00000000
1214) 00000000
1215) 00000000
1216) 00000000
1217) 00000000
1218) 00000000
1219) 00000000
1220) 00000000
1221) 00000000
1222) 00000000
1223) 00000000
1224) 00000000
1225) 00000000
1226) 00000000
1227) 00000000
1228) 00000000
1229) 00000000
1230) 00000000
1231) 00000000
1232) 00000000
1233) 00000000
1234) 00000000
1235) 00000000
1236) 00000000
1237) 00000000
1238) 00000000
1239) 00000000
1240) 00000000
1241) 00000000
1242) 00000000
1243) 00000000
1244) 00000000
1245) 00000000
1246) 00000000
1247) 00000000
1248) 00000000
1249) 00000000
1250) 00000000
1251) 00000000
1252) 00000000
1253) 00000000
1254) 00000000
1255) 00000000
1256) 00000000
1257) 00000000
1258) 00000000
1259) 00000000
1260) 00000000
1261) 00000000
1262) 00000000
1263) 00000000
1264) 00000000
1265) 00000000
1266) 00000000
1267) 00000000
1268) 00000000
1269) 00000000
1270) 00000000
1271) 00000000
1272) 00000000
1273) 00000000
1274) 00000000
1275) 00000000
1276) 00000000
1277) 00000000
1278) 00000000
1279) 00000000
1280) 00000000
1281) 00000000
1282) 00000000
1283) 00000000
1284) 00000000
1285) 00000000
1286) 00000000
1287) 00000000
1288) 00000000
1289) 00000000
1290) 00000000
1291) 00000000
1292) 00000000
1293) 00000000
1294) 00000000
1295) 00000000
1296) 00000000
1297) 00000000
1298) 00000000
1299) 00000000
1300) 00000000
1301) 00000000
1302) 00000000
1303) 00000000
1304) 00000000
1305) 00000000
1306) 00000000
1307) 00000000
1308) 00000000
1309) 00000000
1310) 00000000
1311) 00000000
1312) 00000000
1313) 00000000
1314) 00000000
1315) 00000000
1316) 00000000
1317) 00000000
1318) 00000000
1319) 00000000
1320) 00000000
1321) 00000000
1322) 00000000
1323) 00000000
1324) 00000000
1325) 00000000
1326) 00000000
1327) 00000000
1328) 00000000
1329) 00000000
1330) 00000000
1331) 00000000
1332) 00000000
1333) 00000000
1334) 00000000
1335) 00000000
1336) 00000000
1337) 00000000
1338) 00000000
1339) 00000000
1340) 00000000
1341) 00000000
1342) 00000000
1343) 00000000
1344) 00000000
1345) 00000000
1346) 00000000
1347) 00000000
1348) 00000000
1349) 00000000
1350) 00000000
1351) 00000000
1352) 00000000
1353) 00000000
1354) 00000000
1355) 00000000
1356) 00000000
1357) 00000000
1358) 00000000
1359) 00000000
1360) 00000000
1361) 00000000
1362) 00000000
1363) 00000000
1364) 00000000
1365) 00000000
1366) 00000000
1367) 00000000
1368) 00000000
1369) 00000000
1370) 00000000
1371) 00000000
1372) 00000000
1373) 00000000
1374) 00000000
1375) 00000000
1376) 00000000
1377) 00000000
1378) 00000000
1379) 00000000
1380) 00000000
1381) 00000000
1382) 00000000
1383) 00000000
1384) 00000000
1385) 00000000
1386) 00000000
1387) 00000000
1388) 00000000
1389) 00000000
1390) 00000000
1391) 00000000
1392) 00000000
1393) 00000000
1394) 00000000
1395) 00000000
1396) 00000000
1397) 00000000
1398) 00000000
1399) 00000000
1400) 00000000
1401) 00000000
1402) 00000000
1403) 00000000
1404) 00000000
1405) 00000000
1406) 00000000
1407) 00000000
1408) 00000000
1409) 00000000
1410) 00000000
1411) 00000000
1412) 00000000
1413) 00000000
1414) 00000000
1415) 00000000
1416) 00000000
1417) 00000000
1418) 00000000
1419) 00000000
1420) 00000000
1421) 00000000
1422) 00000000
1423) 00000000
1424) 00000000
1425) 00000000
1426) 00000000
1427) 00000000
1428) 00000000
1429) 00000000
1430) 00000000
1431) 00000000
1432) 00000000
1433) 00000000
1434) 00000000
1435) 00000000
1436) 00000000
1437) 00000000
1438) 00000000
1439) 00000000
1440) 00000000
1441) 00000000
1442) 00000000
1443) 00000000
1444) 00000000
1445) 00000000
1446) 00000000
1447) 00000000
1448) 00000000
1449) 00000000
1450) 00000000
1451) 00000000
1452) 00000000
1453) 00000000
1454) 00000000
1455) 00000000
1456) 00000000
1457) 00000000
1458) 00000000
1459) 00000000
1460) 00000000
1461) 00000000
1462) 00000000
1463) 00000000
1464) 00000000
1465) 00000000
1466) 00000000
1467) 00000000
1468) 00000000
1469) 00000000
1470) 00000000
1471) 00000000
1472) 00000000
1473) 00000000
1474) 00000000
1475) 00000000
1476) 00000000
1477) 00000000
1478) 00000000
1479) 00000000
1480) 00000000
1481) 00000000
1482) 00000000
1483) 00000000
1484) 00000000
1485) 00000000
1486) 00000000
1487) 00000000
1488) 00000000
1489) 00000000
1490) 00000000
1491) 00000000
1492) 00000000
1493) 00000000
1494) 00000000
1495) 00000000
1496) 00000000
1497) 00000000
1498) 00000000
1499) 00000000
1500) 00000000
1501) 00000000
1502) 00000000
1503) 00000000
1504) 00000000
1505) 00000000
1506) 00000000
1507) 00000000
1508) 00000000
1509) 00000000
1510) 00000000
1511) 00000000
1512) 00000000
1513) 00000000
1514) 00000000
1515) 00000000
1516) 00000000
1517) 00000000
1518) 00000000
1519) 00000000
1520) 00000000
1521) 00000000
1522) 00000000
1523) 00000000
1524) 00000000
1525) 00000000
1526) 00000000
1527) 00000000
1528) 00000000
1529) 00000000
1530) 00000000
1531) 00000000
1532) 00000000
1533) 00000000
1534) 00000000
1535) 00000000
1536) 00000000
1537) 00000000
1538) 00000000
1539) 00000000
1540) 00000000
1541) 00000000
1542) 00000000
1543) 00000000
1544) 00000000
1545) 00000000
1546) 00000000
1547) 00000000
1548) 00000000
1549) 00000000
1550) 00000000
1551) 00000000
1552) 00000000
1553) 00000000
1554) 00000000
1555) 00000000
1556) 00000000
1557) 00000000
1558) 00000000
1559) 00000000
1560) 00000000
1561) 00000000
1562) 00000000
1563) 00000000
1564) 00000000
1565) 00000000
1566) 00000000
1567) 00000000
1568) 00000000
1569) 00000000
1570) 00000000
1571) 00000000
1572) 00000000
1573) 00000000
1574) 00000000
1575) 00000000
1576) 00000000
1577) 00000000
1578) 00000000
1579) 00000000
1580) 00000000
1581) 00000000
1582) 00000000
1583) 00000000
1584) 00000000
1585) 00000000
1586) 00000000
1587) 00000000
1588) 00000000
1589) 00000000
1590) 00000000
1591) 00000000
1592) 00000000
1593) 00000000
1594) 00000000
1595) 00000000
1596) 00000000
1597) 00000000
1598) 00000000
1599) 00000000
1600) 00000000
1601) 00000000
1602) 00000000
1603) 00000000
1604) 00000000
1605) 00000000
1606) 00000000
1607) 00000000
1608) 00000000
1609) 00000000
1610) 00000000
1611) 00000000
1612) 00000000
1613) 00000000
1614) 00000000
1615) 00000000
1616) 00000000
1617) 00000000
1618) 00000000
1619) 00000000
1620) 00000000
1621) 00000000
1622) 00000000
1623) 00000000
1624) 00000000
1625) 00000000
1626) 00000000
1627) 00000000
1628) 00000000
1629) 00000000
1630) 00000000
1631) 00000000
1632) 00000000
1633) 00000000
1634) 00000000
1635) 00000000
1636) 00000000
1637) 00000000
1638) 00000000
1639) 00000000
1640) 00000000
1641) 00000000
1642) 00000000
1643) 00000000
1644) 00000000
1645) 00000000
1646) 00000000
1647) 00000000
1648) 00000000
1649) 00000000
1650) 00000000
1651) 00000000
1652) 00000000
1653) 00000000
1654) 00000000
1655) 00000000
1656) 00000000
1657) 00000000
1658) 00000000
1659) 00000000
1660) 00000000
1661) 00000000
1662) 00000000
1663) 00000000
1664) 00000000
1665) 00000000
1666) 00000000
1667) 00000000
1668) 00000000
1669) 00000000
1670) 00000000
1671) 00000000
1672) 00000000
1673) 00000000
1674) 00000000
1675) 00000000
1676) 00000000
1677) 00000000
1678) 00000000
1679) 00000000
1680) 00000000
1681) 00000000
1682) 00000000
1683) 00000000
1684) 00000000
1685) 00000000
1686) 00000000
1687) 00000000
1688) 00000000
1689) 00000000
1690) 00000000
1691) 00000000
1692) 00000000
1693) 00000000
1694) 00000000
1695) 00000000
1696) 00000000
1697) 00000000
1698) 00000000
1699) 00000000
1700) 00000000
1701) 00000000
1702) 00000000
1703) 00000000
1704) 00000000
1705) 00000000
1706) 00000000
1707) 00000000
1708) 00000000
1709) 00000000
1710) 00000000
1711) 00000000
1712) 00000000
1713) 00000000
1714) 00000000
1715) 00000000
1716) 00000000
1717) 00000000
1718) 00000000
1719) 00000000
1720) 00000000
1721) 00000000
1722) 00000000
1723) 00000000
1724) 00000000
1725) 00000000
1726) 00000000
1727) 00000000
1728) 00000000
1729) 00000000
1730) 00000000
1731) 00000000
1732) 00000000
1733) 00000000
1734) 00000000
1735) 00000000
1736) 00000000
1737) 00000000
1738) 00000000
1739) 00000000
1740) 00000000
1741) 00000000
1742) 00000000
1743) 00000000
1744) 00000000
1745) 00000000
1746) 00000000
1747) 00000000
1748) 00000000
1749) 00000000
1750) 00000000
1751) 00000000
1752) 00000000
1753) 00000000
1754) 00000000
1755) 00000000
1756) 00000000
1757) 00000000
1758) 00000000
1759) 00000000
1760) 00000000
1761) 00000000
1762) 00000000
1763) 00000000
1764) 00000000
1765) 00000000
1766) 00000000
1767) 00000000
1768) 00000000
1769) 00000000
1770) 00000000
1771) 00000000
1772) 00000000
1773) 00000000
1774) 00000000
1775) 00000000
1776) 00000000
1777) 00000000
1778) 00000000
1779) 00000000
1780) 00000000
1781) 00000000
1782) 00000000
1783) 00000000
1784) 00000000
1785) 00000000
1786) 00000000
1787) 00000000
1788) 00000000
1789) 00000000
1790) 00000000
1791) 00000000
1792) 00000000
1793) 00000000
1794) 00000000
1795) 00000000
1796) 00000000
1797) 00000000
1798) 00000000
1799) 00000000
1800) 00000000
1801) 00000000
1802) 00000000
1803) 00000000
1804) 00000000
1805) 00000000
1806) 00000000
1807) 00000000
1808) 00000000
1809) 00000000
1810) 00000000
1811) 00000000
1812) 00000000
1813) 00000000
1814) 00000000
1815) 00000000
1816) 00000000
1817) 00000000
1818) 00000000
1819) 00000000
1820) 00000000
1821) 00000000
1822) 00000000
1823) 00000000
1824) 00000000
1825) 00000000
1826) 00000000
1827) 00000000
1828) 00000000
1829) 00000000
1830) 00000000
1831) 00000000
1832) 00000000
1833) 00000000
1834) 00000000
1835) 00000000
1836) 00000000
1837) 00000000
1838) 00000000
1839) 00000000
1840) 00000000
1841) 00000000
1842) 00000000
1843) 00000000
1844) 00000000
1845) 00000000
1846) 00000000
1847) 00000000
1848) 00000000
1849) 00000000
1850) 00000000
1851) 00000000
1852) 00000000
1853) 00000000
1854) 00000000
1855) 00000000
1856) 00000000
1857) 00000000
1858) 00000000
1859) 00000000
1860) 00000000
1861) 00000000
1862) 00000000
1863) 00000000
1864) 00000000
1865) 00000000
1866) 00000000
1867) 00000000
1868) 00000000
1869) 00000000
1870) 00000000
1871) 00000000
1872) 00000000
1873) 00000000
1874) 00000000
1875) 00000000
1876) 00000000
1877) 00000000
1878) 00000000
1879) 00000000
1880) 00000000
1881) 00000000
1882) 00000000
1883) 00000000
1884) 00000000
1885) 00000000
1886) 00000000
1887) 00000000
1888) 00000000
1889) 00000000
1890) 00000000
1891) 00000000
1892) 00000000
1893) 00000000
1894) 00000000
1895) 00000000
1896) 00000000
1897) 00000000
1898) 00000000
1899) 00000000
1900) 00000000
1901) 00000000
1902) 00000000
1903) 00000000
1904) 00000000
1905) 00000000
1906) 00000000
1907) 00000000
1908) 00000000
1909) 00000000
1910) 00000000
1911) 00000000
1912) 00000000
1913) 00000000
1914) 00000000
1915) 00000000
1916) 00000000
1917) 00000000
1918) 00000000
1919) 00000000
1920) 00000000
1921) 00000000
1922) 00000000
1923) 00000000
1924) 00000000
1925) 00000000
1926) 00000000
1927) 00000000
1928) 00000000
1929) 00000000
1930) 00000000
1931) 00000000
1932) 00000000
1933) 00000000
1934) 00000000
1935) 00000000
1936) 00000000
1937) 00000000
1938) 00000000
1939) 00000000
1940) 00000000
1941) 00000000
1942) 00000000
1943) 00000000
1944) 00000000
1945) 00000000
1946) 00000000
1947) 00000000
1948) 00000000
1949) 00000000
1950) 00000000
1951) 00000000
1952) 00000000
1953) 00000000
1954) 00000000
1955) 00000000
1956) 00000000
1957) 00000000
1958) 00000000
1959) 00000000
1960) 00000000
1961) 00000000
1962) 00000000
1963) 00000000
1964) 00000000
1965) 00000000
1966) 00000000
1967) 00000000
1968) 00000000
1969) 00000000
1970) 00000000
1971) 00000000
1972) 00000000
1973) 00000000
1974) 00000000
1975) 00000000
1976) 00000000
1977) 00000000
1978) 00000000
1979) 00000000
1980) 00000000
1981) 00000000
1982) 00000000
1983) 00000000
1984) 00000000
1985) 00000000
1986) 00000000
1987) 00000000
1988) 00000000
1989) 00000000
1990) 00000000
1991) 00000000
1992) 00000000
1993) 00000000
1994) 00000000
1995) 00000000
1996) 00000000
1997) 00000000
1998) 00000000
1999) 00000000
2000) 00000000
2001) 00000000
2002) 00000000
2003) 00000000
2004) 00000000
2005) 00000000
2006) 00000000
2007) 00000000
2008) 00000000
2009) 00000000
2010) 00000000
2011) 00000000
2012) 00000000
2013) 00000000
2014) 00000000
2015) 00000000
2016) 00000000
2017) 00000000
2018) 00000000
2019) 00000000
2020) 00000000
2021) 00000000
2022) 00000000
2023) 00000000
2024) 00000000
2025) 00000000
2026) 00000000
2027) 00000000
2028) 00000000
2029) 00000000
2030) 00000000
2031) 00000000
2032) 00000000
2033) 00000000
2034) 00000000
2035) 00000000
2036) 00000000
2037) 00000000
2038) 00000000
2039) 00000000
2040) 00000000
2041) 00000000
2042) 00000000
2043) 00000000
2044) 00000000
2045) 00000000
2046) 00000000
2047) 00000000
2048) 00000000
2049) 00000000
2050) 00000000
2051) 00000000
2052) 00000000
2053) 00000000
2054) 00000000
2055) 00000000
2056) 00000000
2057) 00000000
2058) 00000000
2059) 00000000
2060) 00000000
2061) 00000000
2062) 00000000
2063) 00000000
2064) 00000000
2065) 00000000
2066) 00000000
2067) 00000000
2068) 00000000
2069) 00000000
2070) 00000000
2071) 00000000
2072) 00000000
2073) 00000000
2074) 00000000
2075) 00000000
2076) 00000000
2077) 00000000
2078) 00000000
2079) 00000000
2080) 00000000
2081) 00000000
2082) 00000000
2083) 00000000
2084) 00000000
2085) 00000000
2086) 00000000
2087) 00000000
2088) 00000000
2089) 00000000
2090) 00000000
2091) 00000000
2092) 00000000
2093) 00000000
2094) 00000000
2095) 00000000
2096) 00000000
2097) 00000000
2098) 00000000
2099) 00000000
2100) 00000000
2101) 00000000
2102) 00000000
2103) 00000000
2104) 00000000
2105) 00000000
2106) 00000000
2107) 00000000
2108) 00000000
2109) 00000000
2110) 00000000
2111) 00000000
2112) 00000000
2113) 00000000
2114) 00000000
2115) 00000000
2116) 00000000
2117) 00000000
2118) 00000000
2119) 00000000
2120) 00000000
2121) 00000000
2122) 00000000
2123) 00000000
2124) 00000000
2125) 00000000
2126) 00000000
2127) 00000000
2128) 00000000
2129) 00000000
2130) 00000000
2131) 00000000
2132) 00000000
2133) 00000000
2134) 00000000
2135) 00000000
2136) 00000000
2137) 00000000
2138) 00000000
2139) 00000000
2140) 00000000
2141) 00000000
2142) 00000000
2143) 00000000
2144) 00000000
2145) 00000000
2146) 00000000
2147) 00000000
2148) 00000000
2149) 00000000
2150) 00000000
2151) 00000000
2152) 00000000
2153) 00000000
2154) 00000000
2155) 00000000
2156) 00000000
2157) 00000000
2158) 00000000
2159) 00000000
2160) 00000000
2161) 00000000
2162) 00000000
2163) 00000000
2164) 00000000
2165) 00000000
2166) 00000000
2167) 00000000
2168) 00000000
2169) 00000000
2170) 00000000
2171) 00000000
2172) 00000000
2173) 00000000
2174) 00000000
2175) 00000000
2176) 00000000
2177) 00000000
2178) 00000000
2179) 00000000
2180) 00000000
2181) 00000000
2182) 00000000
2183) 00000000
2184) 00000000
2185) 00000000
2186) 00000000
2187) 00000000
2188) 00000000
2189) 00000000
2190) 00000000
2191) 00000000
2192) 00000000
2193) 00000000
2194) 00000000
2195) 00000000
2196) 00000000
2197) 00000000
2198) 00000000
2199) 00000000
2200) 00000000
2201) 00000000
2202) 00000000
2203) 00000000
2204) 00000000
2205) 00000000
2206) 00000000
2207) 00000000
2208) 00000000
2209) 00000000
2210) 00000000
2211) 00000000
2212) 00000000
2213) 00000000
2214) 00000000
2215) 00000000
2216) 00000000
2217) 00000000
2218) 00000000
2219) 00000000
2220) 00000000
2221) 00000000
2222) 00000000
2223) 00000000
2224) 00000000
2225) 00000000
2226) 00000000
2227) 00000000
2228) 00000000
2229) 00000000
2230) 00000000
2231) 00000000
2232) 00000000
2233) 00000000
2234) 00000000
2235) 00000000
2236) 00000000
2237) 00000000
2238) 00000000
2239) 00000000
2240) 00000000
2241) 00000000
2242) 00000000
2243) 00000000
2244) 00000000
2245) 00000000
2246) 00000000
2247) 00000000
2248) 00000000
2249) 00000000
2250) 00000000
2251) 00000000
2252) 00000000
2253) 00000000
2254) 00000000
2255) 00000000
2256) 00000000
2257) 00000000
2258) 00000000
2259) 00000000
2260) 00000000
2261) 00000000
2262) 00000000
2263) 00000000
2264) 00000000
2265) 00000000
2266) 00000000
2267) 00000000
2268) 00000000
2269) 00000000
2270) 00000000
2271) 00000000
2272) 00000000
2273) 00000000
2274) 00000000
2275) 00000000
2276) 00000000
2277) 00000000
2278) 00000000
2279) 00000000
2280) 00000000
2281) 00000000
2282) 00000000
2283) 00000000
2284) 00000000
2285) 00000000
2286) 00000000
2287) 00000000
2288) 00000000
2289) 00000000
2290) 00000000
2291) 00000000
2292) 00000000
2293) 00000000
2294) 00000000
2295) 00000000
2296) 00000000
2297) 00000000
2298) 00000000
2299) 00000000
2300) 00000000
2301) 00000000
2302) 00000000
2303) 00000000
2304) 00000000
2305) 00000000
2306) 00000000
2307) 00000000
2308) 00000000
2309) 00000000
2310) 00000000
2311) 00000000
2312) 00000000
2313) 00000000
2314) 00000000
2315) 00000000
2316) 00000000
2317) 00000000
2318) 00000000
2319) 00000000
2320) 00000000
2321) 00000000
2322) 00000000
2323) 00000000
2324) 00000000
2325) 00000000
2326) 00000000
2327) 00000000
2328) 00000000
2329) 00000000
2330) 00000000
2331) 00000000
2332) 00000000
2333) 00000000
2334) 00000000
2335) 00000000
2336) 00000000
2337) 00000000
2338) 00000000
2339) 00000000
2340) 00000000
2341) 00000000
2342) 00000000
2343) 00000000
2344) 00000000
2345) 00000000
2346) 00000000
2347) 00000000
2348) 00000000
2349) 00000000
2350) 00000000
2351) 00000000
2352) 00000000
2353) 00000000
2354) 00000000
2355) 00000000
2356) 00000000
2357) 00000000
2358) 00000000
2359) 00000000
2360) 00000000
2361) 00000000
2362) 00000000
2363) 00000000
2364) 00000000
2365) 00000000
2366) 00000000
2367) 00000000
2368) 00000000
2369) 00000000
2370) 00000000
2371) 00000000
2372) 00000000
2373) 00000000
2374) 00000000
2375) 00000000
2376) 00000000
2377) 00000000
2378) 00000000
2379) 00000000
2380) 00000000
2381) 00000000
2382) 00000000
2383) 00000000
2384) 00000000
2385) 00000000
2386) 00000000
2387) 00000000
2388) 00000000
2389) 00000000
2390) 00000000
2391) 00000000
2392) 00000000
2393) 00000000
2394) 00000000
2395) 00000000
2396) 00000000
2397) 00000000
2398) 00000000
2399) 00000000
2400) 00000000
2401) 00000000
2402) 00000000
2403) 00000000
2404) 00000000
2405) 00000000
2406) 00000000
2407) 00000000
2408) 00000000
2409) 00000000
2410) 00000000
2411) 00000000
2412) 00000000
2413) 00000000
2414) 00000000
2415) 00000000
2416) 00000000
2417) 00000000
2418) 00000000
2419) 00000000
2420) 00000000
2421) 00000000
2422) 00000000
2423) 00000000
2424) 00000000
2425) 00000000
2426) 00000000
2427) 00000000
2428) 00000000
2429) 00000000
2430) 00000000
2431) 00000000
2432) 00000000
2433) 00000000
2434) 00000000
2435) 00000000
2436) 00000000
2437) 00000000
2438) 00000000
2439) 00000000
2440) 00000000
2441) 00000000
2442) 00000000
2443) 00000000
2444) 00000000
2445) 00000000
2446) 00000000
2447) 00000000
2448) 00000000
2449) 00000000
2450) 00000000
2451) 00000000
2452) 00000000
2453) 00000000
2454) 00000000
2455) 00000000
2456) 00000000
2457) 00000000
2458) 00000000
2459) 00000000
2460) 00000000
2461) 00000000
2462) 00000000
2463) 00000000
2464) 00000000
2465) 00000000
2466) 00000000
2467) 00000000
2468) 00000000
2469) 00000000
2470) 00000000
2471) 00000000
2472) 00000000
2473) 00000000
2474) 00000000
2475) 00000000
2476) 00000000
2477) 00000000
2478) 00000000
2479) 00000000
2480) 00000000
2481) 00000000
2482) 00000000
2483) 00000000
2484) 00000000
2485) 00000000
2486) 00000000
2487) 00000000
2488) 00000000
2489) 00000000
2490) 00000000
2491) 00000000
2492) 00000000
2493) 00000000
2494) 00000000
2495) 00000000
2496) 00000000
2497) 00000000
2498) 00000000
2499) 00000000
2500) 00000000
2501) 00000000
2502) 00000000
2503) 00000000
2504) 00000000
2505) 00000000
2506) 00000000
2507) 00000000
2508) 00000000
2509) 00000000
2510) 00000000
2511) 00000000
2512) 00000000
2513) 00000000
2514) 00000000
2515) 00000000
2516) 00000000
2517) 00000000
2518) 00000000
2519) 00000000
2520) 00000000
2521) 00000000
2522) 00000000
2523) 00000000
2524) 00000000
2525) 00000000
2526) 00000000
2527) 00000000
2528) 00000000
2529) 00000000
2530) 00000000
2531) 00000000
2532) 00000000
2533) 00000000
2534) 00000000
2535) 00000000
2536) 00000000
2537) 00000000
2538) 00000000
2539) 00000000
2540) 00000000
2541) 00000000
2542) 00000000
2543) 00000000
2544) 00000000
2545) 00000000
2546) 00000000
2547) 00000000
2548) 00000000
2549) 00000000
2550) 00000000
2551) 00000000
2552) 00000000
2553) 00000000
2554) 00000000
2555) 00000000
2556) 00000000
2557) 00000000
2558) 00000000
2559) 00000000
2560) 00000000
2561) 00000000
2562) 00000000
2563) 00000000
2564) 00000000
2565) 00000000
2566) 00000000
2567) 00000000
2568) 00000000
2569) 00000000
2570) 00000000
2571) 00000000
2572) 00000000
2573) 00000000
2574) 00000000
2575) 00000000
2576) 00000000
2577) 00000000
2578) 00000000
2579) 00000000
2580) 00000000
2581) 00000000
2582) 00000000
2583) 00000000
2584) 00000000
2585) 00000000
2586) 00000000
2587) 00000000
2588) 00000000
2589) 00000000
2590) 00000000
2591) 00000000
2592) 00000000
2593) 00000000
2594) 00000000
2595) 00000000
2596) 00000000
2597) 00000000
2598) 00000000
2599) 00000000
2600) 00000000
2601) 00000000
2602) 00000000
2603) 00000000
2604) 00000000
2605) 00000000
2606) 00000000
2607) 00000000
2608) 00000000
2609) 00000000
2610) 00000000
2611) 00000000
2612) 00000000
2613) 00000000
2614) 00000000
2615) 00000000
2616) 00000000
2617) 00000000
2618) 00000000
2619) 00000000
2620) 00000000
2621) 00000000
2622) 00000000
2623) 00000000
2624) 00000000
2625) 00000000
2626) 00000000
2627) 00000000
2628) 00000000
2629) 00000000
2630) 00000000
2631) 00000000
2632) 00000000
2633) 00000000
2634) 00000000
2635) 00000000
2636) 00000000
2637) 00000000
2638) 00000000
2639) 00000000
2640) 00000000
2641) 00000000
2642) 00000000
2643) 00000000
2644) 00000000
2645) 00000000
2646) 00000000
2647) 00000000
2648) 00000000
2649) 00000000
2650) 00000000
2651) 00000000
2652) 00000000
2653) 00000000
2654) 00000000
2655) 00000000
2656) 00000000
2657) 00000000
2658) 00000000
2659) 00000000
2660) 00000000
2661) 00000000
2662) 00000000
2663) 00000000
2664) 00000000
2665) 00000000
2666) 00000000
2667) 00000000
2668) 00000000
2669) 00000000
2670) 00000000
2671) 00000000
2672) 00000000
2673) 00000000
2674) 00000000
2675) 00000000
2676) 00000000
2677) 00000000
2678) 00000000
2679) 00000000
2680) 00000000
2681) 00000000
2682) 00000000
2683) 00000000
2684) 00000000
2685) 00000000
2686) 00000000
2687) 00000000
2688) 00000000
2689) 00000000
2690) 00000000
2691) 00000000
2692) 00000000
2693) 00000000
2694) 00000000
2695) 00000000
2696) 00000000
2697) 00000000
2698) 00000000
2699) 00000000
2700) 00000000
2701) 00000000
2702) 00000000
2703) 00000000
2704) 00000000
2705) 00000000
2706) 00000000
2707) 00000000
2708) 00000000
2709) 00000000
2710) 00000000
2711) 00000000
2712) 00000000
2713) 00000000
2714) 00000000
2715) 00000000
2716) 00000000
2717) 00000000
2718) 00000000
2719) 00000000
2720) 00000000
2721) 00000000
2722) 00000000
2723) 00000000
2724) 00000000
2725) 00000000
2726) 00000000
2727) 00000000
2728) 00000000
2729) 00000000
2730) 00000000
2731) 00000000
2732) 00000000
2733) 00000000
2734) 00000000
2735) 00000000
2736) 00000000
2737) 00000000
2738) 00000000
2739) 00000000
2740) 00000000
2741) 00000000
2742) 00000000
2743) 00000000
2744) 00000000
2745) 00000000
2746) 00000000
2747) 00000000
2748) 00000000
2749) 00000000
2750) 00000000
2751) 00000000
2752) 00000000
2753) 00000000
2754) 00000000
2755) 00000000
2756) 00000000
2757) 00000000
2758) 00000000
2759) 00000000
2760) 00000000
2761) 00000000
2762) 00000000
2763) 00000000
2764) 00000000
2765) 00000000
2766) 00000000
2767) 00000000
2768) 00000000
2769) 00000000
2770) 00000000
2771) 00000000
2772) 00000000
2773) 00000000
2774) 00000000
2775) 00000000
2776) 00000000
2777) 00000000
2778) 00000000
2779) 00000000
2780) 00000000
2781) 00000000
2782) 00000000
2783) 00000000
2784) 00000000
2785) 00000000
2786) 00000000
2787) 00000000
2788) 00000000
2789) 00000000
2790) 00000000
2791) 00000000
2792) 00000000
2793) 00000000
2794) 00000000
2795) 00000000
2796) 00000000
2797) 00000000
2798) 00000000
2799) 00000000
2800) 00000000
2801) 00000000
2802) 00000000
2803) 00000000
2804) 00000000
2805) 00000000
2806) 00000000
2807) 00000000
2808) 00000000
2809) 00000000
2810) 00000000
2811) 00000000
2812) 00000000
2813) 00000000
2814) 00000000
2815) 00000000
2816) 00000000
2817) 00000000
2818) 00000000
2819) 00000000
2820) 00000000
2821) 00000000
2822) 00000000
2823) 00000000
2824) 00000000
2825) 00000000
2826) 00000000
2827) 00000000
2828) 00000000
2829) 00000000
2830) 00000000
2831) 00000000
2832) 00000000
2833) 00000000
2834) 00000000
2835) 00000000
2836) 00000000
2837) 00000000
2838) 00000000
2839) 00000000
2840) 00000000
2841) 00000000
2842) 00000000
2843) 00000000
2844) 00000000
2845) 00000000
2846) 00000000
2847) 00000000
2848) 00000000
2849) 00000000
2850) 00000000
2851) 00000000
2852) 00000000
2853) 00000000
2854) 00000000
2855) 00000000
2856) 00000000
2857) 00000000
2858) 00000000
2859) 00000000
2860) 00000000
2861) 00000000
2862) 00000000
2863) 00000000
2864) 00000000
2865) 00000000
2866) 00000000
2867) 00000000
2868) 00000000
2869) 00000000
2870) 00000000
2871) 00000000
2872) 00000000
2873) 00000000
2874) 00000000
2875) 00000000
2876) 00000000
2877) 00000000
2878) 00000000
2879) 00000000
2880) 00000000
2881) 00000000
2882) 00000000
2883) 00000000
2884) 00000000
2885) 00000000
2886) 00000000
2887) 00000000
2888) 00000000
2889) 00000000
2890) 00000000
2891) 00000000
2892) 00000000
2893) 00000000
2894) 00000000
2895) 00000000
2896) 00000000
2897) 00000000
2898) 00000000
2899) 00000000
2900) 00000000
2901) 00000000
2902) 00000000
2903) 00000000
2904) 00000000
2905) 00000000
2906) 00000000
2907) 00000000
2908) 00000000
2909) 00000000
2910) 00000000
2911) 00000000
2912) 00000000
2913) 00000000
2914) 00000000
2915) 00000000
2916) 00000000
2917) 00000000
2918) 00000000
2919) 00000000
2920) 00000000
2921) 00000000
2922) 00000000
2923) 00000000
2924) 00000000
2925) 00000000
2926) 00000000
2927) 00000000
2928) 00000000
2929) 00000000
2930) 00000000
2931) 00000000
2932) 00000000
2933) 00000000
2934) 00000000
2935) 00000000
2936) 00000000
2937) 00000000
2938) 00000000
2939) 00000000
2940) 00000000
2941) 00000000
2942) 00000000
2943) 00000000
2944) 00000000
2945) 00000000
2946) 00000000
2947) 00000000
2948) 00000000
2949) 00000000
2950) 00000000
2951) 00000000
2952) 00000000
2953) 00000000
2954) 00000000
2955) 00000000
2956) 00000000
2957) 00000000
2958) 00000000
2959) 00000000
2960) 00000000
2961) 00000000
2962) 00000000
2963) 00000000
2964) 00000000
2965) 00000000
2966) 00000000
2967) 00000000
2968) 00000000
2969) 00000000
2970) 00000000
2971) 00000000
2972) 00000000
2973) 00000000
2974) 00000000
2975) 00000000
2976) 00000000
2977) 00000000
2978) 00000000
2979) 00000000
2980) 00000000
2981) 00000000
2982) 00000000
2983) 00000000
2984) 00000000
2985) 00000000
2986) 00000000
2987) 00000000
2988) 00000000
2989) 00000000
2990) 00000000
2991) 00000000
2992) 00000000
2993) 00000000
2994) 00000000
2995) 00000000
2996) 00000000
2997) 00000000
2998) 00000000
2999) 00000000
3000) 00000000
3001) 00000000
3002) 00000000
3003) 00000000
3004) 00000000
3005) 00000000
3006) 00000000
3007) 00000000
3008) 00000000
3009) 00000000
3010) 00000000
3011) 00000000
3012) 00000000
3013) 00000000
3014) 00000000
3015) 00000000
3016) 00000000
3017) 00000000
3018) 00000000
3019) 00000000
3020) 00000000
3021) 00000000
3022) 00000000
3023) 00000000
3024) 00000000
3025) 00000000
3026) 00000000
3027) 00000000
3028) 00000000
3029) 00000000
3030) 00000000
3031) 00000000
3032) 00000000
3033) 00000000
3034) 00000000
3035) 00000000
3036) 00000000
3037) 00000000
3038) 00000000
3039) 00000000
3040) 00000000
3041) 00000000
3042) 00000000
3043) 00000000
3044) 00000000
3045) 00000000
3046) 00000000
3047) 00000000
3048) 00000000
3049) 00000000
3050) 00000000
3051) 00000000
3052) 00000000
3053) 00000000
3054) 00000000
3055) 00000000
3056) 00000000
3057) 00000000
3058) 00000000
3059) 00000000
3060) 00000000
3061) 00000000
3062) 00000000
3063) 00000000
3064) 00000000
3065) 00000000
3066) 00000000
3067) 00000000
3068) 00000000
3069) 00000000
3070) 00000000
3071) 00000000
3072) 00000000
3073) 00000000
3074) 00000000
3075) 00000000
3076) 00000000
3077) 00000000
3078) 00000000
3079) 00000000
3080) 00000000
3081) 00000000
3082) 00000000
3083) 00000000
3084) 00000000
3085) 00000000
3086) 00000000
3087) 00000000
3088) 00000000
3089) 00000000
3090) 00000000
3091) 00000000
3092) 00000000
3093) 00000000
3094) 00000000
3095) 00000000
3096) 00000000
3097) 00000000
3098) 00000000
3099) 00000000
3100) 00000000
3101) 00000000
3102) 00000000
3103) 00000000
3104) 00000000
3105) 00000000
3106) 00000000
3107) 00000000
3108) 00000000
3109) 00000000
3110) 00000000
3111) 00000000
3112) 00000000
3113) 00000000
3114) 00000000
3115) 00000000
3116) 00000000
3117) 00000000
3118) 00000000
3119) 00000000
3120) 00000000
3121) 00000000
3122) 00000000
3123) 00000000
3124) 00000000
3125) 00000000
3126) 00000000
3127) 00000000
3128) 00000000
3129) 00000000
3130) 00000000
3131) 00000000
3132) 00000000
3133) 00000000
3134) 00000000
3135) 00000000
3136) 00000000
3137) 00000000
3138) 00000000
3139) 00000000
3140) 00000000
3141) 00000000
3142) 00000000
3143) 00000000
3144) 00000000
3145) 00000000
3146) 00000000
3147) 00000000
3148) 00000000
3149) 00000000
3150) 00000000
3151) 00000000
3152) 00000000
3153) 00000000
3154) 00000000
3155) 00000000
3156) 00000000
3157) 00000000
3158) 00000000
3159) 00000000
3160) 00000000
3161) 00000000
3162) 00000000
3163) 00000000
3164) 00000000
3165) 00000000
3166) 00000000
3167) 00000000
3168) 00000000
3169) 00000000
3170) 00000000
3171) 00000000
3172) 00000000
3173) 00000000
3174) 00000000
3175) 00000000
3176) 00000000
3177) 00000000
3178) 00000000
3179) 00000000
3180) 00000000
3181) 00000000
3182) 00000000
3183) 00000000
3184) 00000000
3185) 00000000
3186) 00000000
3187) 00000000
3188) 00000000
3189) 00000000
3190) 00000000
3191) 00000000
3192) 00000000
3193) 00000000
3194) 00000000
3195) 00000000
3196) 00000000
3197) 00000000
3198) 00000000
3199) 00000000
 - (3200 bits)
--- Fin BitMap - (1 bloques) ---
--- Iniciando dump de archivos ---
	Archivo: hola.txt - Tamanio: 7905
		Puntero 0 (bloque 1027)
			0) 1026
			1) 1030
			2) 0
			3) 0
			4) 0
			5) 0
			6) 0
			7) 0
			8) 0
			9) 0
			10) 0
			11) 0
			12) 0
			13) 0
			14) 0
			15) 0
			16) 0
			17) 0
			18) 0
			19) 0
			20) 0
			21) 0
			22) 0
			23) 0
			24) 0
			25) 0
			26) 0
			27) 0
			28) 0
			29) 0
			30) 0
			31) 0
			32) 0
			33) 0
			34) 0
			35) 0
			36) 0
			37) 0
			38) 0
			39) 0
			40) 0
			41) 0
			42) 0
			43) 0
			44) 0
			45) 0
			46) 0
			47) 0
			48) 0
			49) 0
			50) 0
			51) 0
			52) 0
			53) 0
			54) 0
			55) 0
			56) 0
			57) 0
			58) 0
			59) 0
			60) 0
			61) 0
			62) 0
			63) 0
			64) 0
			65) 0
			66) 0
			67) 0
			68) 0
			69) 0
			70) 0
			71) 0
			72) 0
			73) 0
			74) 0
			75) 0
			76) 0
			77) 0
			78) 0
			79) 0
			80) 0
			81) 0
			82) 0
			83) 0
			84) 0
			85) 0
			86) 0
			87) 0
			88) 0
			89) 0
			90) 0
			91) 0
			92) 0
			93) 0
			94) 0
			95) 0
			96) 0
			97) 0
			98) 0
			99) 0
			100) 0
			101) 0
			102) 0
			103) 0
			104) 0
			105) 0
			106) 0
			107) 0
			108) 0
			109) 0
			110) 0
			111) 0
			112) 0
			113) 0
			114) 0
			115) 0
			116) 0
			117) 0
			118) 0
			119) 0
			120) 0
			121) 0
			122) 0
			123) 0
			124) 0
			125) 0
			126) 0
			127) 0
			128) 0
			129) 0
			130) 0
			131) 0
			132) 0
			133) 0
			134) 0
			135) 0
			136) 0
			137) 0
			138) 0
			139) 0
			140) 0
			141) 0
			142) 0
			143) 0
			144) 0
			145) 0
			146) 0
			147) 0
			148) 0
			149) 0
			150) 0
			151) 0
			152) 0
			153) 0
			154) 0
			155) 0
			156) 0
			157) 0
			158) 0
			159) 0
			160) 0
			161) 0
			162) 0
			163) 0
			164) 0
			165) 0
			166) 0
			167) 0
			168) 0
			169) 0
			170) 0
			171) 0
			172) 0
			173) 0
			174) 0
			175) 0
			176) 0
			177) 0
			178) 0
			179) 0
			180) 0
			181) 0
			182) 0
			183) 0
			184) 0
			185) 0
			186) 0
			187) 0
			188) 0
			189) 0
			190) 0
			191) 0
			192) 0
			193) 0
			194) 0
			195) 0
			196) 0
			197) 0
			198) 0
			199) 0
			200) 0
			201) 0
			202) 0
			203) 0
			204) 0
			205) 0
			206) 0
			207) 0
			208) 0
			209) 0
			210) 0
			211) 0
			212) 0
			213) 0
			214) 0
			215) 0
			216) 0
			217) 0
			218) 0
			219) 0
			220) 0
			221) 0
			222) 0
			223) 0
			224) 0
			225) 0
			226) 0
			227) 0
			228) 0
			229) 0
			230) 0
			231) 0
			232) 0
			233) 0
			234) 0
			235) 0
			236) 0
			237) 0
			238) 0
			239) 0
			240) 0
			241) 0
			242) 0
			243) 0
			244) 0
			245) 0
			246) 0
			247) 0
			248) 0
			249) 0
			250) 0
			251) 0
			252) 0
			253) 0
			254) 0
			255) 0
			256) 0
			257) 0
			258) 0
			259) 0
			260) 0
			261) 0
			262) 0
			263) 0
			264) 0
			265) 0
			266) 0
			267) 0
			268) 0
			269) 0
			270) 0
			271) 0
			272) 0
			273) 0
			274) 0
			275) 0
			276) 0
			277) 0
			278) 0
			279) 0
			280) 0
			281) 0
			282) 0
			283) 0
			284) 0
			285) 0
			286) 0
			287) 0
			288) 0
			289) 0
			290) 0
			291) 0
			292) 0
			293) 0
			294) 0
			295) 0
			296) 0
			297) 0
			298) 0
			299) 0
			300) 0
			301) 0
			302) 0
			303) 0
			304) 0
			305) 0
			306) 0
			307) 0
			308) 0
			309) 0
			310) 0
			311) 0
			312) 0
			313) 0
			314) 0
			315) 0
			316) 0
			317) 0
			318) 0
			319) 0
			320) 0
			321) 0
			322) 0
			323) 0
			324) 0
			325) 0
			326) 0
			327) 0
			328) 0
			329) 0
			330) 0
			331) 0
			332) 0
			333) 0
			334) 0
			335) 0
			336) 0
			337) 0
			338) 0
			339) 0
			340) 0
			341) 0
			342) 0
			343) 0
			344) 0
			345) 0
			346) 0
			347) 0
			348) 0
			349) 0
			350) 0
			351) 0
			352) 0
			353) 0
			354) 0
			355) 0
			356) 0
			357) 0
			358) 0
			359) 0
			360) 0
			361) 0
			362) 0
			363) 0
			364) 0
			365) 0
			366) 0
			367) 0
			368) 0
			369) 0
			370) 0
			371) 0
			372) 0
			373) 0
			374) 0
			375) 0
			376) 0
			377) 0
			378) 0
			379) 0
			380) 0
			381) 0
			382) 0
			383) 0
			384) 0
			385) 0
			386) 0
			387) 0
			388) 0
			389) 0
			390) 0
			391) 0
			392) 0
			393) 0
			394) 0
			395) 0
			396) 0
			397) 0
			398) 0
			399) 0
			400) 0
			401) 0
			402) 0
			403) 0
			404) 0
			405) 0
			406) 0
			407) 0
			408) 0
			409) 0
			410) 0
			411) 0
			412) 0
			413) 0
			414) 0
			415) 0
			416) 0
			417) 0
			418) 0
			419) 0
			420) 0
			421) 0
			422) 0
			423) 0
			424) 0
			425) 0
			426) 0
			427) 0
			428) 0
			429) 0
			430) 0
			431) 0
			432) 0
			433) 0
			434) 0
			435) 0
			436) 0
			437) 0
			438) 0
			439) 0
			440) 0
			441) 0
			442) 0
			443) 0
			444) 0
			445) 0
			446) 0
			447) 0
			448) 0
			449) 0
			450) 0
			451) 0
			452) 0
			453) 0
			454) 0
			455) 0
			456) 0
			457) 0
			458) 0
			459) 0
			460) 0
			461) 0
			462) 0
			463) 0
			464) 0
			465) 0
			466) 0
			467) 0
			468) 0
			469) 0
			470) 0
			471) 0
			472) 0
			473) 0
			474) 0
			475) 0
			476) 0
			477) 0
			478) 0
			479) 0
			480) 0
			481) 0
			482) 0
			483) 0
			484) 0
			485) 0
			486) 0
			487) 0
			488) 0
			489) 0
			490) 0
			491) 0
			492) 0
			493) 0
			494) 0
			495) 0
			496) 0
			497) 0
			498) 0
			499) 0
			500) 0
			501) 0
			502) 0
			503) 0
			504) 0
			505) 0
			506) 0
			507) 0
			508) 0
			509) 0
			510) 0
			511) 0
			512) 0
			513) 0
			514) 0
			515) 0
			516) 0
			517) 0
			518) 0
			519) 0
			520) 0
			521) 0
			522) 0
			523) 0
			524) 0
			525) 0
			526) 0
			527) 0
			528) 0
			529) 0
			530) 0
			531) 0
			532) 0
			533) 0
			534) 0
			535) 0
			536) 0
			537) 0
			538) 0
			539) 0
			540) 0
			541) 0
			542) 0
			543) 0
			544) 0
			545) 0
			546) 0
			547) 0
			548) 0
			549) 0
			550) 0
			551) 0
			552) 0
			553) 0
			554) 0
			555) 0
			556) 0
			557) 0
			558) 0
			559) 0
			560) 0
			561) 0
			562) 0
			563) 0
			564) 0
			565) 0
			566) 0
			567) 0
			568) 0
			569) 0
			570) 0
			571) 0
			572) 0
			573) 0
			574) 0
			575) 0
			576) 0
			577) 0
			578) 0
			579) 0
			580) 0
			581) 0
			582) 0
			583) 0
			584) 0
			585) 0
			586) 0
			587) 0
			588) 0
			589) 0
			590) 0
			591) 0
			592) 0
			593) 0
			594) 0
			595) 0
			596) 0
			597) 0
			598) 0
			599) 0
			600) 0
			601) 0
			602) 0
			603) 0
			604) 0
			605) 0
			606) 0
			607) 0
			608) 0
			609) 0
			610) 0
			611) 0
			612) 0
			613) 0
			614) 0
			615) 0
			616) 0
			617) 0
			618) 0
			619) 0
			620) 0
			621) 0
			622) 0
			623) 0
			624) 0
			625) 0
			626) 0
			627) 0
			628) 0
			629) 0
			630) 0
			631) 0
			632) 0
			633) 0
			634) 0
			635) 0
			636) 0
			637) 0
			638) 0
			639) 0
			640) 0
			641) 0
			642) 0
			643) 0
			644) 0
			645) 0
			646) 0
			647) 0
			648) 0
			649) 0
			650) 0
			651) 0
			652) 0
			653) 0
			654) 0
			655) 0
			656) 0
			657) 0
			658) 0
			659) 0
			660) 0
			661) 0
			662) 0
			663) 0
			664) 0
			665) 0
			666) 0
			667) 0
			668) 0
			669) 0
			670) 0
			671) 0
			672) 0
			673) 0
			674) 0
			675) 0
			676) 0
			677) 0
			678) 0
			679) 0
			680) 0
			681) 0
			682) 0
			683) 0
			684) 0
			685) 0
			686) 0
			687) 0
			688) 0
			689) 0
			690) 0
			691) 0
			692) 0
			693) 0
			694) 0
			695) 0
			696) 0
			697) 0
			698) 0
			699) 0
			700) 0
			701) 0
			702) 0
			703) 0
			704) 0
			705) 0
			706) 0
			707) 0
			708) 0
			709) 0
			710) 0
			711) 0
			712) 0
			713) 0
			714) 0
			715) 0
			716) 0
			717) 0
			718) 0
			719) 0
			720) 0
			721) 0
			722) 0
			723) 0
			724) 0
			725) 0
			726) 0
			727) 0
			728) 0
			729) 0
			730) 0
			731) 0
			732) 0
			733) 0
			734) 0
			735) 0
			736) 0
			737) 0
			738) 0
			739) 0
			740) 0
			741) 0
			742) 0
			743) 0
			744) 0
			745) 0
			746) 0
			747) 0
			748) 0
			749) 0
			750) 0
			751) 0
			752) 0
			753) 0
			754) 0
			755) 0
			756) 0
			757) 0
			758) 0
			759) 0
			760) 0
			761) 0
			762) 0
			763) 0
			764) 0
			765) 0
			766) 0
			767) 0
			768) 0
			769) 0
			770) 0
			771) 0
			772) 0
			773) 0
			774) 0
			775) 0
			776) 0
			777) 0
			778) 0
			779) 0
			780) 0
			781) 0
			782) 0
			783) 0
			784) 0
			785) 0
			786) 0
			787) 0
			788) 0
			789) 0
			790) 0
			791) 0
			792) 0
			793) 0
			794) 0
			795) 0
			796) 0
			797) 0
			798) 0
			799) 0
			800) 0
			801) 0
			802) 0
			803) 0
			804) 0
			805) 0
			806) 0
			807) 0
			808) 0
			809) 0
			810) 0
			811) 0
			812) 0
			813) 0
			814) 0
			815) 0
			816) 0
			817) 0
			818) 0
			819) 0
			820) 0
			821) 0
			822) 0
			823) 0
			824) 0
			825) 0
			826) 0
			827) 0
			828) 0
			829) 0
			830) 0
			831) 0
			832) 0
			833) 0
			834) 0
			835) 0
			836) 0
			837) 0
			838) 0
			839) 0
			840) 0
			841) 0
			842) 0
			843) 0
			844) 0
			845) 0
			846) 0
			847) 0
			848) 0
			849) 0
			850) 0
			851) 0
			852) 0
			853) 0
			854) 0
			855) 0
			856) 0
			857) 0
			858) 0
			859) 0
			860) 0
			861) 0
			862) 0
			863) 0
			864) 0
			865) 0
			866) 0
			867) 0
			868) 0
			869) 0
			870) 0
			871) 0
			872) 0
			873) 0
			874) 0
			875) 0
			876) 0
			877) 0
			878) 0
			879) 0
			880) 0
			881) 0
			882) 0
			883) 0
			884) 0
			885) 0
			886) 0
			887) 0
			888) 0
			889) 0
			890) 0
			891) 0
			892) 0
			893) 0
			894) 0
			895) 0
			896) 0
			897) 0
			898) 0
			899) 0
			900) 0
			901) 0
			902) 0
			903) 0
			904) 0
			905) 0
			906) 0
			907) 0
			908) 0
			909) 0
			910) 0
			911) 0
			912) 0
			913) 0
			914) 0
			915) 0
			916) 0
			917) 0
			918) 0
			919) 0
			920) 0
			921) 0
			922) 0
			923) 0
			924) 0
			925) 0
			926) 0
			927) 0
			928) 0
			929) 0
			930) 0
			931) 0
			932) 0
			933) 0
			934) 0
			935) 0
			936) 0
			937) 0
			938) 0
			939) 0
			940) 0
			941) 0
			942) 0
			943) 0
			944) 0
			945) 0
			946) 0
			947) 0
			948) 0
			949) 0
			950) 0
			951) 0
			952) 0
			953) 0
			954) 0
			955) 0
			956) 0
			957) 0
			958) 0
			959) 0
			960) 0
			961) 0
			962) 0
			963) 0
			964) 0
			965) 0
			966) 0
			967) 0
			968) 0
			969) 0
			970) 0
			971) 0
			972) 0
			973) 0
			974) 0
			975) 0
			976) 0
			977) 0
			978) 0
			979) 0
			980) 0
			981) 0
			982) 0
			983) 0
			984) 0
			985) 0
			986) 0
			987) 0
			988) 0
			989) 0
			990) 0
			991) 0
			992) 0
			993) 0
			994) 0
			995) 0
			996) 0
			997) 0
			998) 0
			999) 0
			1000) 0
			1001) 0
			1002) 0
			1003) 0
			1004) 0
			1005) 0
			1006) 0
			1007) 0
			1008) 0
			1009) 0
			1010) 0
			1011) 0
			1012) 0
			1013) 0
			1014) 0
			1015) 0
			1016) 0
			1017) 0
			1018) 0
			1019) 0
			1020) 0
			1021) 0
			1022) 0
			1023) 0
	Archivo: mel - Tamanio: 0
	Archivo: carlos - Tamanio: 0
	Archivo: juab.jpg - Tamanio: 0
		Puntero 0 (bloque 1029)
			0) 1028
			1) 0
			2) 0
			3) 0
			4) 0
			5) 0
			6) 0
			7) 0
			8) 0
			9) 0
			10) 0
			11) 0
			12) 0
			13) 0
			14) 0
			15) 0
			16) 0
			17) 0
			18) 0
			19) 0
			20) 0
			21) 0
			22) 0
			23) 0
			24) 0
			25) 0
			26) 0
			27) 0
			28) 0
			29) 0
			30) 0
			31) 0
			32) 0
			33) 0
			34) 0
			35) 0
			36) 0
			37) 0
			38) 0
			39) 0
			40) 0
			41) 0
			42) 0
			43) 0
			44) 0
			45) 0
			46) 0
			47) 0
			48) 0
			49) 0
			50) 0
			51) 0
			52) 0
			53) 0
			54) 0
			55) 0
			56) 0
			57) 0
			58) 0
			59) 0
			60) 0
			61) 0
			62) 0
			63) 0
			64) 0
			65) 0
			66) 0
			67) 0
			68) 0
			69) 0
			70) 0
			71) 0
			72) 0
			73) 0
			74) 0
			75) 0
			76) 0
			77) 0
			78) 0
			79) 0
			80) 0
			81) 0
			82) 0
			83) 0
			84) 0
			85) 0
			86) 0
			87) 0
			88) 0
			89) 0
			90) 0
			91) 0
			92) 0
			93) 0
			94) 0
			95) 0
			96) 0
			97) 0
			98) 0
			99) 0
			100) 0
			101) 0
			102) 0
			103) 0
			104) 0
			105) 0
			106) 0
			107) 0
			108) 0
			109) 0
			110) 0
			111) 0
			112) 0
			113) 0
			114) 0
			115) 0
			116) 0
			117) 0
			118) 0
			119) 0
			120) 0
			121) 0
			122) 0
			123) 0
			124) 0
			125) 0
			126) 0
			127) 0
			128) 0
			129) 0
			130) 0
			131) 0
			132) 0
			133) 0
			134) 0
			135) 0
			136) 0
			137) 0
			138) 0
			139) 0
			140) 0
			141) 0
			142) 0
			143) 0
			144) 0
			145) 0
			146) 0
			147) 0
			148) 0
			149) 0
			150) 0
			151) 0
			152) 0
			153) 0
			154) 0
			155) 0
			156) 0
			157) 0
			158) 0
			159) 0
			160) 0
			161) 0
			162) 0
			163) 0
			164) 0
			165) 0
			166) 0
			167) 0
			168) 0
			169) 0
			170) 0
			171) 0
			172) 0
			173) 0
			174) 0
			175) 0
			176) 0
			177) 0
			178) 0
			179) 0
			180) 0
			181) 0
			182) 0
			183) 0
			184) 0
			185) 0
			186) 0
			187) 0
			188) 0
			189) 0
			190) 0
			191) 0
			192) 0
			193) 0
			194) 0
			195) 0
			196) 0
			197) 0
			198) 0
			199) 0
			200) 0
			201) 0
			202) 0
			203) 0
			204) 0
			205) 0
			206) 0
			207) 0
			208) 0
			209) 0
			210) 0
			211) 0
			212) 0
			213) 0
			214) 0
			215) 0
			216) 0
			217) 0
			218) 0
			219) 0
			220) 0
			221) 0
			222) 0
			223) 0
			224) 0
			225) 0
			226) 0
			227) 0
			228) 0
			229) 0
			230) 0
			231) 0
			232) 0
			233) 0
			234) 0
			235) 0
			236) 0
			237) 0
			238) 0
			239) 0
			240) 0
			241) 0
			242) 0
			243) 0
			244) 0
			245) 0
			246) 0
			247) 0
			248) 0
			249) 0
			250) 0
			251) 0
			252) 0
			253) 0
			254) 0
			255) 0
			256) 0
			257) 0
			258) 0
			259) 0
			260) 0
			261) 0
			262) 0
			263) 0
			264) 0
			265) 0
			266) 0
			267) 0
			268) 0
			269) 0
			270) 0
			271) 0
			272) 0
			273) 0
			274) 0
			275) 0
			276) 0
			277) 0
			278) 0
			279) 0
			280) 0
			281) 0
			282) 0
			283) 0
			284) 0
			285) 0
			286) 0
			287) 0
			288) 0
			289) 0
			290) 0
			291) 0
			292) 0
			293) 0
			294) 0
			295) 0
			296) 0
			297) 0
			298) 0
			299) 0
			300) 0
			301) 0
			302) 0
			303) 0
			304) 0
			305) 0
			306) 0
			307) 0
			308) 0
			309) 0
			310) 0
			311) 0
			312) 0
			313) 0
			314) 0
			315) 0
			316) 0
			317) 0
			318) 0
			319) 0
			320) 0
			321) 0
			322) 0
			323) 0
			324) 0
			325) 0
			326) 0
			327) 0
			328) 0
			329) 0
			330) 0
			331) 0
			332) 0
			333) 0
			334) 0
			335) 0
			336) 0
			337) 0
			338) 0
			339) 0
			340) 0
			341) 0
			342) 0
			343) 0
			344) 0
			345) 0
			346) 0
			347) 0
			348) 0
			349) 0
			350) 0
			351) 0
			352) 0
			353) 0
			354) 0
			355) 0
			356) 0
			357) 0
			358) 0
			359) 0
			360) 0
			361) 0
			362) 0
			363) 0
			364) 0
			365) 0
			366) 0
			367) 0
			368) 0
			369) 0
			370) 0
			371) 0
			372) 0
			373) 0
			374) 0
			375) 0
			376) 0
			377) 0
			378) 0
			379) 0
			380) 0
			381) 0
			382) 0
			383) 0
			384) 0
			385) 0
			386) 0
			387) 0
			388) 0
			389) 0
			390) 0
			391) 0
			392) 0
			393) 0
			394) 0
			395) 0
			396) 0
			397) 0
			398) 0
			399) 0
			400) 0
			401) 0
			402) 0
			403) 0
			404) 0
			405) 0
			406) 0
			407) 0
			408) 0
			409) 0
			410) 0
			411) 0
			412) 0
			413) 0
			414) 0
			415) 0
			416) 0
			417) 0
			418) 0
			419) 0
			420) 0
			421) 0
			422) 0
			423) 0
			424) 0
			425) 0
			426) 0
			427) 0
			428) 0
			429) 0
			430) 0
			431) 0
			432) 0
			433) 0
			434) 0
			435) 0
			436) 0
			437) 0
			438) 0
			439) 0
			440) 0
			441) 0
			442) 0
			443) 0
			444) 0
			445) 0
			446) 0
			447) 0
			448) 0
			449) 0
			450) 0
			451) 0
			452) 0
			453) 0
			454) 0
			455) 0
			456) 0
			457) 0
			458) 0
			459) 0
			460) 0
			461) 0
			462) 0
			463) 0
			464) 0
			465) 0
			466) 0
			467) 0
			468) 0
			469) 0
			470) 0
			471) 0
			472) 0
			473) 0
			474) 0
			475) 0
			476) 0
			477) 0
			478) 0
			479) 0
			480) 0
			481) 0
			482) 0
			483) 0
			484) 0
			485) 0
			486) 0
			487) 0
			488) 0
			489) 0
			490) 0
			491) 0
			492) 0
			493) 0
			494) 0
			495) 0
			496) 0
			497) 0
			498) 0
			499) 0
			500) 0
			501) 0
			502) 0
			503) 0
			504) 0
			505) 0
			506) 0
			507) 0
			508) 0
			509) 0
			510) 0
			511) 0
			512) 0
			513) 0
			514) 0
			515) 0
			516) 0
			517) 0
			518) 0
			519) 0
			520) 0
			521) 0
			522) 0
			523) 0
			524) 0
			525) 0
			526) 0
			527) 0
			528) 0
			529) 0
			530) 0
			531) 0
			532) 0
			533) 0
			534) 0
			535) 0
			536) 0
			537) 0
			538) 0
			539) 0
			540) 0
			541) 0
			542) 0
			543) 0
			544) 0
			545) 0
			546) 0
			547) 0
			548) 0
			549) 0
			550) 0
			551) 0
			552) 0
			553) 0
			554) 0
			555) 0
			556) 0
			557) 0
			558) 0
			559) 0
			560) 0
			561) 0
			562) 0
			563) 0
			564) 0
			565) 0
			566) 0
			567) 0
			568) 0
			569) 0
			570) 0
			571) 0
			572) 0
			573) 0
			574) 0
			575) 0
			576) 0
			577) 0
			578) 0
			579) 0
			580) 0
			581) 0
			582) 0
			583) 0
			584) 0
			585) 0
			586) 0
			587) 0
			588) 0
			589) 0
			590) 0
			591) 0
			592) 0
			593) 0
			594) 0
			595) 0
			596) 0
			597) 0
			598) 0
			599) 0
			600) 0
			601) 0
			602) 0
			603) 0
			604) 0
			605) 0
			606) 0
			607) 0
			608) 0
			609) 0
			610) 0
			611) 0
			612) 0
			613) 0
			614) 0
			615) 0
			616) 0
			617) 0
			618) 0
			619) 0
			620) 0
			621) 0
			622) 0
			623) 0
			624) 0
			625) 0
			626) 0
			627) 0
			628) 0
			629) 0
			630) 0
			631) 0
			632) 0
			633) 0
			634) 0
			635) 0
			636) 0
			637) 0
			638) 0
			639) 0
			640) 0
			641) 0
			642) 0
			643) 0
			644) 0
			645) 0
			646) 0
			647) 0
			648) 0
			649) 0
			650) 0
			651) 0
			652) 0
			653) 0
			654) 0
			655) 0
			656) 0
			657) 0
			658) 0
			659) 0
			660) 0
			661) 0
			662) 0
			663) 0
			664) 0
			665) 0
			666) 0
			667) 0
			668) 0
			669) 0
			670) 0
			671) 0
			672) 0
			673) 0
			674) 0
			675) 0
			676) 0
			677) 0
			678) 0
			679) 0
			680) 0
			681) 0
			682) 0
			683) 0
			684) 0
			685) 0
			686) 0
			687) 0
			688) 0
			689) 0
			690) 0
			691) 0
			692) 0
			693) 0
			694) 0
			695) 0
			696) 0
			697) 0
			698) 0
			699) 0
			700) 0
			701) 0
			702) 0
			703) 0
			704) 0
			705) 0
			706) 0
			707) 0
			708) 0
			709) 0
			710) 0
			711) 0
			712) 0
			713) 0
			714) 0
			715) 0
			716) 0
			717) 0
			718) 0
			719) 0
			720) 0
			721) 0
			722) 0
			723) 0
			724) 0
			725) 0
			726) 0
			727) 0
			728) 0
			729) 0
			730) 0
			731) 0
			732) 0
			733) 0
			734) 0
			735) 0
			736) 0
			737) 0
			738) 0
			739) 0
			740) 0
			741) 0
			742) 0
			743) 0
			744) 0
			745) 0
			746) 0
			747) 0
			748) 0
			749) 0
			750) 0
			751) 0
			752) 0
			753) 0
			754) 0
			755) 0
			756) 0
			757) 0
			758) 0
			759) 0
			760) 0
			761) 0
			762) 0
			763) 0
			764) 0
			765) 0
			766) 0
			767) 0
			768) 0
			769) 0
			770) 0
			771) 0
			772) 0
			773) 0
			774) 0
			775) 0
			776) 0
			777) 0
			778) 0
			779) 0
			780) 0
			781) 0
			782) 0
			783) 0
			784) 0
			785) 0
			786) 0
			787) 0
			788) 0
			789) 0
			790) 0
			791) 0
			792) 0
			793) 0
			794) 0
			795) 0
			796) 0
			797) 0
			798) 0
			799) 0
			800) 0
			801) 0
			802) 0
			803) 0
			804) 0
			805) 0
			806) 0
			807) 0
			808) 0
			809) 0
			810) 0
			811) 0
			812) 0
			813) 0
			814) 0
			815) 0
			816) 0
			817) 0
			818) 0
			819) 0
			820) 0
			821) 0
			822) 0
			823) 0
			824) 0
			825) 0
			826) 0
			827) 0
			828) 0
			829) 0
			830) 0
			831) 0
			832) 0
			833) 0
			834) 0
			835) 0
			836) 0
			837) 0
			838) 0
			839) 0
			840) 0
			841) 0
			842) 0
			843) 0
			844) 0
			845) 0
			846) 0
			847) 0
			848) 0
			849) 0
			850) 0
			851) 0
			852) 0
			853) 0
			854) 0
			855) 0
			856) 0
			857) 0
			858) 0
			859) 0
			860) 0
			861) 0
			862) 0
			863) 0
			864) 0
			865) 0
			866) 0
			867) 0
			868) 0
			869) 0
			870) 0
			871) 0
			872) 0
			873) 0
			874) 0
			875) 0
			876) 0
			877) 0
			878) 0
			879) 0
			880) 0
			881) 0
			882) 0
			883) 0
			884) 0
			885) 0
			886) 0
			887) 0
			888) 0
			889) 0
			890) 0
			891) 0
			892) 0
			893) 0
			894) 0
			895) 0
			896) 0
			897) 0
			898) 0
			899) 0
			900) 0
			901) 0
			902) 0
			903) 0
			904) 0
			905) 0
			906) 0
			907) 0
			908) 0
			909) 0
			910) 0
			911) 0
			912) 0
			913) 0
			914) 0
			915) 0
			916) 0
			917) 0
			918) 0
			919) 0
			920) 0
			921) 0
			922) 0
			923) 0
			924) 0
			925) 0
			926) 0
			927) 0
			928) 0
			929) 0
			930) 0
			931) 0
			932) 0
			933) 0
			934) 0
			935) 0
			936) 0
			937) 0
			938) 0
			939) 0
			940) 0
			941) 0
			942) 0
			943) 0
			944) 0
			945) 0
			946) 0
			947) 0
			948) 0
			949) 0
			950) 0
			951) 0
			952) 0
			953) 0
			954) 0
			955) 0
			956) 0
			957) 0
			958) 0
			959) 0
			960) 0
			961) 0
			962) 0
			963) 0
			964) 0
			965) 0
			966) 0
			967) 0
			968) 0
			969) 0
			970) 0
			971) 0
			972) 0
			973) 0
			974) 0
			975) 0
			976) 0
			977) 0
			978) 0
			979) 0
			980) 0
			981) 0
			982) 0
			983) 0
			984) 0
			985) 0
			986) 0
			987) 0
			988) 0
			989) 0
			990) 0
			991) 0
			992) 0
			993) 0
			994) 0
			995) 0
			996) 0
			997) 0
			998) 0
			999) 0
			1000) 0
			1001) 0
			1002) 0
			1003) 0
			1004) 0
			1005) 0
			1006) 0
			1007) 0
			1008) 0
			1009) 0
			1010) 0
			1011) 0
			1012) 0
			1013) 0
			1014) 0
			1015) 0
			1016) 0
			1017) 0
			1018) 0
			1019) 0
			1020) 0
			1021) 0
			1022) 0
			1023) 0
--- Fin de dump de archivos ---
